- elf header
ident :
7F 45 4C 46 01 01 01 00  00 00 00 00 00 00 00 00
type:
02 00 
machine:
03 00 
version:
01 00 00 00 
entry
00 10 00 00 
phoff:
34 00 00 00
sphoff:
8C 11 00 00 
flags:
00 00 00 00
ehsize:
34 00 
phentsize:
20 00 
phnum:
03 00 
shentsize:
28 00
shnum:
08 00 
shstrndx :
05 00 

- program header
0
type :
01 00 00 00
offset :
00 10 00 00
vaddr:
00 10 00 00
paddr:
00 10 00 00 
fileSize:
00 01 00 00
memSize:
00 01 00 00 
flags:
05 00 00 00
alignment:
00 10 00 00 
1
type:
01 00 00 00 
offset:
00 11 00 00 
vaddr:
00 21 00 00
paddr:
00 21 00 00 
fileSize:
28 00 00 00 
memSize:
28 00 00 00 
flags:
06 00 00 00
alignment:
00 10 00 00 

51 E5 74 64 
00 00 00 00 
00 00 00 00
00 00 00 00
00 00 00 00
00 00 00 00
06 00 00 00
10 00 00 00

00 00 00 00  00 00 00 00 00 00 00 00
00 00 00 00 00 00 00 00  00 00 00 00 00 00 00 00
00 00 00 00 00 00 00 00  00 00 00 00 00 00 00 00
00 00 00 00 00 00 00 00  00 00 00 00 00 00 00 00
00 00 00 00 00 00 00 00  00 00 00 00 00 00 00 00
00 00 00 00 00 00 00 00  00 00 00 00 00 00 00 00
